2108035381
1417673385
2729811826
1392600538
3334574391
1477438820
2756302379
297803
2007862063
2683403634
1440570723
1496064572
34274978
1353163404
2051390360
1353164051
1818064296
1309394517
1803720894
354585
354598
354588
354607
354609
354601
354595
354606
354604
354593
354591
354238
354220
354242
354235
354229
354223
354232
354226
354249
354246
354557
354540
354505
354523
354529
354500
354515
354519
354495
354535
354532
354360
1477386754
354356
354341
354368
354352
354364
354349
354333
354374
354337
354284
354406
354387
354414
354402
354399
354393
354417
354409
354390
354396
30780496
1440570723
1500152659
1500152660
1500151579
1500151582
1500151580
1500151583
1500151581
1893590232
1893592988
1885359359
1893590234
1893590231
1893592987
1893592986
1893590233
2083870325
2083872226
2083872225
2083870324
2083872221
2083872227
2083870323
2083872223
1409311773
1472480890
1854474192
1819306498
1819306493
1819306496
1819308143
1819308144
1819306495
1819306501
1819308142
1819306497
1819306492
1819306499
1819308141
1814284112
2053440984
2053440987
2053438561
2053438562
2053440986
2053438559
2053438555
2053438560
2053438556
2053438557
2053440983
2053440985
2053438558
1399788801
1395927167
1399788804
1397619674
1399789328
1399788806
1399789325
1399789326
1399788805
1399788803
1399788807
1399788799
1399789327
454224842
454224839
454231746
454231736
454231898
454231899
454231893
3324541601
3324614065
3324613769
2147794973
3324613767
3324614070
440101136
2162281325
3324614068
3324614071
3324613771
3324614066
3324613768
2136839649
2023293479
2023293482
2023294251
2023293480
2023294250
2023294254
2023294252
2023294256
2023294253
2023294255
2023293481
185700
25648006
82360
82453
1309814666
25642788
25642952
25642111
25638999
25986095
25986099
150635
150625
150629
150621
150633
150619
150617
150623
150627
150631
2690549642
2690549642
150436
150429
150435
150433
150437
150431
150430
150434
150432
150438
150439
150428
150424
150669
150674
150658
150671
150665
150660
150656
150667
150654
1859065057
150651
150558
150556
150570
150563
150566
150565
150562
150568
150564
150561
150560
150552
2016855399
